19
353532343 Davi 9.0 8.5 8.8
251452367 Joana 7.0 9.5 8.3
482947123 Lucas 6.5 8.0 7.3
319283760 Maria 9.5 9.0 9.3
458593210 Pedro 7.5 6.0 6.8
375932104 Fernanda 8.0 9.0 8.5
501239875 Rafael 6.0 7.5 6.8
194857302 Camila 9.0 9.5 9.3
287364190 Carlos 7.0 8.0 7.5
463820157 Amanda 8.5 9.0 8.8
330491825 Guilherme 6.0 7.0 6.5
128573946 Ana 9.5 8.5 9.0
574839201 Felipe 4.5 7.0 5.8
392857104 Beatriz 8.0 6.5 7.3
293648120 Gabriel 6.5 8.5 7.5
102938475 Juliana 9.0 8.0 8.5
475820193 Mateus 3.5 9.0 6.3
284750193 Lívia 8.5 7.5 8.0
193857249 Thiago 6.0 8.0 7.0
